freesurfer
1.000000
1.000000
0.150000
9.983420372009277e-01 1.314562372863293e-02 5.603926628828049e-02 1.525878906250000e-05 
-5.603440478444099e-02 -7.378341397270560e-04 9.984285831451416e-01 0.000000000000000e+00 
1.316631119698286e-02 -9.999135136604309e-01 -3.667082637548447e-09 1.525878906250000e-05 
0 0 0 1
round
